674.000000 433.000000
257.000000 185.000000
694.000000 430.000000
560.000000 388.000000
444.690338 101.958778
674.000000 390.000000
687.746277 369.306549
463.000000 335.000000
461.000000 284.000000
694.605469 403.234741
245.740204 139.930099
561.216064 367.144531
419.044220 76.985558
193.000000 146.000000
200.171860 86.497162
558.000000 429.000000
38.000000 41.000000
384.230713 173.236435
244.931137 160.239166
398.438995 234.520493
459.032166 229.710205
559.859741 157.289429
589.000000 282.000000
277.000000 186.000000
579.136230 155.055862
667.660583 368.829712
682.773315 325.039337
562.285583 325.181488
36.000000 99.000000
416.000000 96.000000
580.000000 389.000000
46.000000 62.000000
479.021820 229.012070
93.329277 60.515377
402.676178 170.969604
65.191505 91.621864
708.000000 262.000000
552.544617 223.962036
700.336792 215.535934
587.511292 223.325531
210.049057 108.017632
481.000000 290.000000
654.000000 433.000000
160.000000 109.000000
472.000000 315.000000
36.000000 125.000000
385.428253 256.009796
466.000000 381.000000
399.000000 71.000000
230.114136 119.440468
655.376099 217.820267
655.184998 280.383057
213.976959 142.414719
348.253326 107.835678
140.398163 271.281158
88.087364 103.171440
376.991974 74.299553
582.399475 322.580811
90.000000 38.000000
205.659698 300.304840
229.595123 270.086823
60.740330 165.343582
357.262238 84.064537
127.015327 229.871552
578.000000 429.000000
220.199326 86.568855
70.207817 43.659805
121.502762 270.870056
441.107025 272.981293
270.729675 242.210953
269.606873 277.006836
124.767570 252.028366
237.000000 180.000000
180.000000 126.000000
704.000000 238.000000
379.000000 102.000000
491.650696 270.458527
143.440018 145.145523
216.099655 162.539230
108.000000 111.000000
440.140991 78.075218
677.272339 272.128754
72.845024 63.844059
282.282623 206.090424
657.000000 241.000000
441.000000 292.000000
173.000000 158.000000
308.581879 265.258789
554.000000 280.000000
376.183929 122.520859
85.004227 141.510727
173.482773 48.359398
299.333099 288.567200
126.073898 68.442360
106.868271 257.283813
115.580696 157.434433
106.132599 236.417267
112.087425 46.583904
330.344666 125.028397
446.000000 375.000000
335.135895 231.605072
404.943909 146.854095
299.148102 147.787781
337.235291 261.353943
195.030853 409.838531
212.822739 55.547462
419.045959 57.040257
534.162903 282.574646
106.000000 80.000000
483.417969 250.139587
