157.000000 77.000000
124.000000 127.000000
682.000000 397.000000
135.000000 106.000000
240.000000 155.000000
460.000000 259.000000
137.000000 72.000000
566.000000 358.000000
39.000000 45.000000
682.000000 356.000000
172.000000 101.000000
702.000000 397.000000
365.000000 81.000000
462.000000 312.000000
185.000000 121.000000
555.480713 253.139175
547.319275 132.530365
374.391815 148.354568
264.000000 142.000000
681.000000 336.000000
349.000000 51.000000
480.000000 257.000000
154.000000 52.000000
566.000000 338.000000
280.000000 102.000000
576.440186 130.646774
267.078735 122.319901
220.000000 142.000000
566.000000 397.000000
590.495300 252.079895
587.000000 201.000000
660.628601 247.961899
566.000000 297.000000
702.000000 356.000000
393.641327 145.823074
471.318695 352.309570
283.000000 69.000000
553.000000 197.000000
689.000000 293.000000
105.547714 88.594826
459.000000 292.000000
662.000000 399.000000
475.000000 203.000000
205.000000 122.000000
701.000000 187.000000
109.689346 107.561470
586.000000 358.000000
701.000000 336.000000
455.000000 204.000000
451.444061 348.544769
276.000000 251.000000
36.000000 138.000000
659.000000 190.000000
303.000000 79.000000
151.000000 255.000000
144.000000 128.000000
306.440460 47.406540
479.000000 292.000000
391.000000 217.000000
706.318909 240.730759
142.000000 218.000000
84.574722 100.079231
303.000000 221.000000
440.000000 261.000000
113.089523 58.321850
587.000000 398.000000
586.000000 294.000000
328.000000 268.000000
331.000000 238.000000
307.000000 257.000000
163.000000 210.000000
134.618225 40.760250
249.000000 282.000000
482.000000 312.000000
354.000000 239.000000
165.000000 121.000000
329.412903 49.437771
220.000000 163.000000
546.000000 400.000000
276.000000 227.000000
369.000000 52.000000
680.740845 242.962875
706.000000 209.000000
309.429016 183.237396
200.000000 142.000000
659.000000 212.000000
36.000000 118.000000
590.000000 222.000000
377.000000 279.000000
345.000000 97.000000
393.000000 237.000000
131.000000 255.000000
567.000000 217.000000
59.000000 44.000000
203.000000 441.000000
63.042145 94.638504
669.000000 290.000000
444.000000 224.000000
162.000000 230.000000
171.000000 254.000000
351.000000 208.000000
395.744781 121.794769
177.000000 81.000000
36.000000 89.000000
244.557419 396.038544
333.845398 72.707771
40.000000 158.000000
537.321838 254.453629
679.000000 202.000000
112.000000 36.000000
