675.000000 447.000000
36.000000 194.000000
265.000000 206.000000
560.671082 402.997284
458.201843 117.961411
674.408325 403.130615
687.664246 381.770203
695.000000 443.000000
464.000000 351.000000
695.229309 416.000000
471.000000 301.000000
561.552673 381.827515
432.118073 95.032471
587.000000 295.000000
213.927231 109.562897
54.000000 61.000000
36.000000 174.000000
383.906921 191.561676
559.000000 444.000000
398.411407 252.441360
458.394348 246.173859
73.000000 121.000000
212.000000 170.000000
149.000000 170.000000
260.000000 160.000000
667.530273 381.584747
681.784668 337.376465
561.855225 339.810608
53.195290 125.730064
428.511841 114.737007
580.846619 403.864868
574.000000 168.000000
477.922333 245.118484
107.622147 85.602066
401.985352 188.805359
655.000000 447.000000
705.582703 273.334991
550.508972 238.268402
697.138550 226.485199
584.960388 236.902832
223.607483 131.234039
206.000000 58.000000
107.000000 38.000000
172.189407 133.182449
63.000000 85.000000
55.451706 152.208038
467.000000 397.000000
473.000000 331.000000
411.831421 89.438927
243.840363 140.534927
652.328979 229.715546
653.228882 293.175018
39.000000 98.000000
351.766266 128.798309
554.000000 169.000000
103.452576 128.228119
389.704803 93.376404
581.932617 336.767578
103.277031 63.810291
451.000000 309.000000
164.000000 38.000000
261.000000 180.000000
370.101837 103.859245
41.000000 41.000000
87.000000 42.000000
233.701935 109.403419
84.787071 70.201981
394.000000 119.000000
441.049774 289.977478
382.000000 274.000000
262.160187 297.064270
119.919144 252.967514
216.000000 290.000000
197.000000 321.000000
701.170837 249.173065
579.000000 444.000000
491.599640 270.556915
261.000000 263.000000
96.000000 183.000000
447.000000 392.000000
453.358948 95.931694
675.154968 283.623901
87.825668 89.500626
275.733795 227.131287
654.417297 253.295059
707.000000 396.000000
169.000000 178.000000
302.935577 284.716644
552.801514 294.870972
380.275452 139.352478
491.000000 301.000000
186.046585 70.827866
293.200317 307.504547
135.976059 93.564865
102.946442 259.268066
233.000000 180.000000
117.000000 292.000000
123.717888 72.705383
334.564819 144.145752
240.000000 160.000000
330.352570 250.518890
403.914734 164.872253
306.759094 163.172577
332.779846 280.297607
187.062195 430.083527
225.699631 78.389404
432.126465 74.969391
532.593628 297.668274
117.634270 104.320869
402.000000 280.000000
