670.000000 441.000000
165.000000 116.000000
464.000000 295.000000
554.000000 397.000000
403.267487 113.563583
690.000000 437.000000
67.226768 72.162201
669.000000 399.000000
455.000000 345.000000
689.232056 411.982361
201.771759 147.493729
669.000000 379.000000
376.498810 86.250885
200.000000 167.000000
158.000000 93.000000
546.569641 291.844452
582.000000 293.000000
372.456055 183.359558
167.000000 136.000000
555.000000 377.000000
151.489441 50.992256
552.000000 169.000000
257.627899 196.930283
553.000000 438.000000
572.000000 167.000000
237.000000 188.000000
309.323914 103.918640
679.000000 335.000000
347.000000 110.000000
574.000000 399.000000
578.932190 240.086502
648.783142 255.950989
302.000000 125.000000
48.235340 65.411736
391.924744 181.327728
382.877594 106.141472
689.481812 398.693817
545.674988 235.682098
36.000000 45.000000
574.380005 335.713562
554.000000 336.000000
650.000000 441.000000
468.543365 240.052933
133.000000 121.000000
692.587341 227.888672
42.602421 129.776505
356.446838 79.874405
689.739197 379.033875
449.184845 240.692062
187.000000 126.000000
700.000000 278.000000
649.382202 290.888641
650.984619 230.570541
324.026978 116.244400
148.458817 282.401276
127.628197 157.777664
335.255157 82.620193
72.000000 203.000000
384.769562 253.615616
443.000000 302.000000
245.000000 282.000000
112.721237 131.256516
46.793972 109.809380
465.000000 325.000000
40.000000 188.000000
178.000000 93.000000
573.000000 438.000000
128.000000 282.000000
432.679474 282.921875
280.000000 253.000000
279.000000 288.000000
134.000000 240.000000
62.000000 129.000000
221.000000 312.000000
151.000000 71.000000
147.238831 153.203049
68.929268 182.122299
201.571899 193.172104
51.000000 149.000000
460.000000 393.000000
398.020020 87.375908
671.486877 284.161163
440.000000 387.000000
290.176483 216.869888
167.000000 156.000000
650.462646 252.754059
307.000000 300.000000
697.533264 249.973434
365.378479 313.692261
354.598755 132.434113
384.363770 273.148376
131.000000 53.000000
558.998962 255.864395
87.528130 74.995476
114.000000 246.000000
89.764336 125.637520
581.000000 261.000000
70.000000 52.000000
484.000000 296.000000
138.000000 91.000000
336.476654 242.223663
393.978363 157.107742
269.298615 167.930649
339.000000 272.000000
211.082153 423.612946
171.268356 61.944061
376.287415 66.657616
528.531982 292.905701
315.000000 277.000000
443.000000 325.000000
