705.000000 361.000000
597.138916 366.996094
590.000000 451.000000
590.000000 388.000000
695.000000 381.000000
705.000000 137.000000
702.000000 455.000000
508.000000 395.000000
715.000000 388.000000
695.000000 233.000000
685.000000 171.000000
600.973389 170.652054
509.000000 373.000000
508.235809 207.144836
715.000000 228.000000
682.000000 455.000000
584.000000 203.000000
580.000000 182.000000
722.021301 447.284546
705.000000 166.000000
610.000000 449.000000
438.900055 229.200394
505.000000 227.000000
696.630859 297.190277
675.000000 52.000000
675.000000 235.000000
435.000000 352.000000
592.000000 257.000000
507.920563 274.587280
603.000000 236.000000
281.000000 185.000000
604.000000 195.000000
158.000000 285.000000
413.000000 139.000000
610.000000 388.000000
60.000000 312.000000
499.000000 131.000000
159.000000 307.000000
441.000000 249.000000
291.000000 165.000000
438.000000 393.000000
124.000000 149.000000
506.000000 447.000000
666.065613 148.592499
725.000000 128.000000
505.504364 326.378601
252.000000 316.000000
489.000580 207.688705
322.000000 325.000000
571.000000 259.000000
335.000000 123.000000
51.000000 204.000000
253.000000 294.000000
510.000000 98.000000
174.000000 139.000000
725.000000 368.000000
716.035706 294.380737
174.000000 430.000000
694.160400 274.538574
489.351990 278.188934
433.227570 291.726593
685.000000 359.000000
698.898743 336.435120
440.000000 327.000000
655.000000 41.000000
334.000000 39.000000
394.568878 180.454163
528.035767 393.970551
187.000000 193.000000
148.000000 75.000000
237.000000 70.000000
725.000000 166.000000
338.000000 263.000000
641.000000 449.000000
53.381451 168.707260
59.000000 226.000000
577.500488 367.655518
62.000000 292.000000
107.000000 123.000000
145.000000 265.000000
590.000000 318.000000
399.000000 241.000000
527.555054 200.736221
665.000000 179.000000
589.000000 297.000000
507.294403 306.048309
163.000000 389.000000
526.000000 450.000000
233.000000 276.000000
344.000000 303.000000
134.000000 303.000000
227.000000 121.000000
641.705688 382.018921
250.000000 253.000000
676.882507 299.656311
336.000000 397.000000
179.000000 315.000000
207.000000 116.000000
125.000000 187.000000
344.000000 333.000000
235.000000 90.000000
232.000000 322.000000
341.000000 435.000000
486.000000 449.000000
104.000000 143.000000
598.000000 417.000000
239.000000 42.000000
313.000000 203.000000
272.000000 316.000000
568.000000 451.000000
