610.898071 404.101624
616.380371 327.346619
728.526184 407.625916
609.029297 348.267853
517.184937 352.701080
521.110657 238.676041
624.000000 145.000000
520.207397 332.657074
57.000000 122.000000
520.155273 172.845688
720.557190 352.724579
445.038116 310.286804
441.887756 193.362442
53.000000 101.000000
601.447571 154.202667
712.799133 332.821808
442.561432 252.861679
445.630829 285.922516
720.878723 264.527374
708.558838 407.124420
440.796112 347.538147
176.333099 121.158081
699.383972 126.916428
633.678772 399.040894
704.458313 37.378536
518.029419 287.323425
501.183075 176.152802
501.808594 242.836639
629.000000 206.000000
629.706238 348.621521
719.000000 126.000000
517.848633 401.724457
603.013489 174.642029
59.458889 143.724533
708.738831 147.141556
85.917503 274.190979
608.910889 222.032104
626.000000 170.000000
508.941559 102.043678
392.930389 205.787155
178.882690 268.110901
179.172791 246.054993
612.370239 278.027618
589.586060 224.689758
266.251465 160.044693
248.226471 135.072723
537.395813 355.258392
516.374207 196.116928
161.112167 80.874763
731.000000 149.000000
695.145386 206.285934
79.000000 142.000000
727.990112 202.619171
259.184021 283.280518
240.737823 61.667252
66.000000 55.000000
387.608490 144.709427
530.678223 67.959702
540.326843 238.481827
591.113770 403.440857
330.639709 285.745728
453.262329 74.776855
222.858841 132.623474
347.423035 102.245438
343.561859 224.098312
255.310043 241.332397
388.162811 235.107346
109.131744 101.106010
441.111420 213.564377
269.000000 119.000000
217.000000 164.000000
240.000000 170.000000
165.715851 226.400833
540.728210 169.116287
50.957123 75.459602
118.000000 133.000000
243.554382 115.183044
260.048218 180.513458
219.290771 109.019348
326.484924 86.110825
82.997353 295.928680
719.985413 240.588562
498.299713 403.515381
596.757751 327.571747
194.768036 389.014526
157.643829 269.730927
431.463562 59.000877
159.565872 100.799713
620.307617 374.426575
437.840912 95.697044
368.000000 124.000000
282.024963 78.761154
180.056107 141.077148
302.859985 77.113586
665.348511 342.185059
267.035919 139.568161
262.909576 213.939163
423.283173 266.248016
74.183723 184.743652
52.720898 169.745651
613.461731 256.510223
342.642609 124.697975
279.007690 37.792030
87.205780 254.252808
723.732727 299.997955
163.936203 47.404839
581.599487 153.581100
682.475159 177.467499
666.143677 401.876465
351.103882 293.279388
