172.201645 108.405396
691.000000 423.000000
201.000000 148.000000
192.000000 125.000000
468.000000 340.000000
466.000000 286.000000
576.000000 385.000000
691.000000 382.000000
254.000000 169.000000
689.323181 361.644287
711.000000 422.000000
119.000000 88.000000
572.762634 365.178162
225.000000 173.000000
372.000000 110.000000
562.644592 280.256256
553.216919 160.065399
378.422516 175.836777
486.000000 284.000000
149.000000 132.000000
107.000000 43.000000
574.000000 424.000000
465.000000 320.000000
221.000000 152.000000
475.671417 230.641190
582.289429 158.160370
256.000000 148.000000
591.844604 228.593307
559.602234 223.638687
598.000000 279.000000
455.513580 232.287323
668.005798 274.574677
302.000000 102.000000
697.425903 319.674377
398.231171 173.328171
478.000000 380.000000
574.000000 323.000000
36.000000 78.000000
665.761658 217.710480
92.000000 115.000000
711.000000 381.000000
706.179321 214.629349
299.000000 280.000000
671.000000 424.000000
177.000000 146.000000
95.121498 135.371719
352.000000 82.000000
709.000000 361.000000
596.000000 385.000000
458.000000 376.000000
277.533356 92.417557
485.000000 320.000000
389.000000 243.000000
168.000000 282.000000
139.000000 152.000000
157.000000 245.000000
301.838623 75.844414
170.720139 78.178726
352.000000 111.000000
714.000000 267.000000
152.000000 112.000000
72.802872 126.210640
269.000000 128.000000
345.000000 265.000000
99.000000 85.000000
446.000000 288.000000
488.000000 340.000000
318.000000 248.000000
117.623451 151.361679
594.000000 424.000000
181.000000 237.000000
120.000000 68.000000
594.000000 320.000000
289.000000 126.000000
677.281921 318.088806
129.000000 131.000000
327.000000 80.000000
322.000000 284.000000
272.000000 309.000000
343.000000 296.000000
666.193176 238.524506
687.986450 268.903076
130.883972 111.104309
325.101288 209.877365
148.000000 283.000000
554.000000 426.000000
376.000000 273.000000
177.000000 257.000000
592.000000 365.000000
495.262360 229.720276
597.000000 248.000000
86.000000 59.000000
369.000000 230.000000
712.000000 235.000000
450.006470 252.125900
52.000000 121.000000
242.532608 205.123154
201.000000 168.000000
188.000000 282.000000
571.000000 243.000000
276.000000 148.000000
400.000000 149.000000
489.000000 250.000000
115.679344 185.283981
265.877472 426.035614
332.000000 100.000000
294.110657 253.890961
543.640991 281.569489
226.000000 471.000000
686.000000 229.000000
