655.000000 451.000000
56.000000 208.000000
371.449005 120.830200
669.907288 383.403076
655.528564 404.411896
545.000000 401.000000
456.000000 350.000000
127.000000 154.000000
546.485046 380.363556
676.855713 378.768921
461.000000 297.000000
568.000000 292.000000
649.372925 382.874542
561.000000 233.000000
285.278778 109.644928
675.000000 447.000000
463.427216 241.303436
387.243896 188.355148
395.000000 249.000000
70.000000 179.000000
537.000000 293.000000
238.091751 146.405472
546.469604 336.724854
656.422363 335.446106
539.543457 233.201599
675.000000 404.000000
112.000000 126.000000
464.000000 330.000000
441.000000 298.000000
543.000000 445.000000
273.911163 68.506912
444.051971 241.242630
397.154724 119.831802
679.663940 221.454895
563.140076 160.541397
635.000000 450.000000
526.691528 109.656303
43.000000 228.000000
460.000000 389.000000
107.000000 150.000000
293.302765 130.040649
72.000000 158.000000
397.000000 276.000000
565.000000 403.000000
683.000000 244.000000
169.103470 59.680687
92.000000 128.000000
687.000000 264.000000
429.403381 119.853333
314.212372 141.020050
636.216553 222.441727
635.022217 290.759094
131.000000 174.000000
405.597473 185.415085
106.422836 68.092865
87.100754 101.911476
543.154297 162.281967
640.000000 242.000000
36.000000 208.000000
440.000000 388.000000
72.000000 138.000000
455.461975 97.368202
444.000000 330.000000
50.000000 188.000000
36.000000 126.000000
303.987732 109.713234
473.000000 261.000000
501.127045 90.903374
663.000000 241.000000
225.932053 299.390411
567.182922 335.706360
581.000000 230.000000
272.635834 132.364960
87.000000 254.000000
303.000000 175.000000
149.000000 314.000000
36.000000 146.000000
78.000000 61.000000
147.000000 86.000000
215.659531 110.547211
524.402649 92.993782
156.000000 294.000000
250.059143 168.233490
236.051682 125.946091
132.000000 113.000000
481.000000 297.000000
66.011261 107.815880
275.610046 279.929871
364.000000 261.000000
400.369049 139.694809
676.735657 333.219604
228.000000 257.000000
571.000000 253.000000
195.536255 94.573380
139.000000 66.000000
214.791946 91.152817
92.436295 173.760635
443.000000 261.000000
359.637848 140.094971
216.674042 161.874191
496.294617 109.703667
215.020218 141.481094
347.292999 145.570724
148.000000 143.000000
135.904007 420.236053
111.175911 174.860413
503.699677 70.898560
517.323608 294.759552
483.000000 241.000000
703.197144 228.884125
