657.866943 446.442078
546.114136 398.350189
359.517792 116.130867
672.572266 381.284790
658.158020 401.109650
454.047699 344.744110
677.753296 446.326904
452.521179 293.655151
547.309570 377.905426
678.611389 414.525696
462.405640 238.212601
573.590271 289.970886
652.212402 380.630188
392.075653 245.615982
256.429535 103.474701
543.893860 440.563995
70.000000 185.000000
382.333740 183.985825
472.025513 293.700073
140.311829 47.950039
86.000000 155.000000
211.048111 140.201096
547.591064 334.108887
659.536133 333.521637
106.000000 127.000000
443.534515 238.958832
637.860596 446.274475
92.787346 67.858162
38.000000 168.000000
258.503235 158.703979
246.805344 61.578159
566.313538 399.607635
691.111694 258.975311
58.000000 205.000000
564.715759 159.050232
539.166138 288.719025
498.810455 109.200012
539.918701 230.721756
683.423645 221.308121
573.384033 229.344360
265.047943 124.302628
462.778015 324.783356
212.769318 120.200523
110.000000 101.000000
123.197212 168.678497
89.014259 90.331169
36.000000 188.000000
458.244385 390.002167
68.574432 132.936722
286.112640 135.697311
639.359192 222.291122
638.617188 288.679443
42.000000 129.000000
401.359650 181.339874
74.836960 58.700241
54.562237 92.743637
544.619629 160.268890
126.145020 149.192169
296.921875 154.960266
397.867065 272.625610
438.653748 385.827026
654.450195 241.855713
238.026855 149.958069
393.000000 114.000000
160.170868 309.267639
275.662048 103.607864
428.000000 94.000000
472.000000 88.000000
71.313713 112.212242
234.333237 294.892761
568.512207 333.085052
176.856491 279.565582
244.236923 126.256531
43.000000 58.000000
432.485199 296.874908
232.479248 253.045715
482.621185 264.174805
119.608086 47.141720
370.410522 254.614822
191.415604 103.670471
495.415222 90.609909
661.259460 275.648773
218.842590 159.619812
249.688034 217.471222
565.286926 441.766754
59.785538 152.198837
89.426964 249.147644
280.354156 275.511078
442.161987 324.628479
390.034454 134.779343
679.557007 331.520782
106.000000 147.000000
303.099823 273.259521
171.269409 85.897888
457.651642 258.604797
190.633911 83.773094
482.463257 237.754166
534.309692 250.442383
347.703979 135.814285
131.953339 115.571167
468.000000 108.000000
190.345459 134.707092
330.257446 145.429916
638.064758 262.755127
146.845337 416.728119
576.055908 264.795837
474.338928 68.614883
519.252380 291.870605
473.629944 345.906952
704.899963 228.823044
