648.762085 437.929291
454.000000 341.000000
379.142242 111.939514
662.671875 368.891083
648.728455 390.737579
540.554504 388.938507
457.000000 286.000000
553.000000 218.000000
542.035156 367.707062
669.708618 364.201447
561.000000 278.000000
156.000000 173.000000
642.220825 368.488312
395.000000 239.000000
312.299225 104.236290
668.642395 433.437317
459.355072 229.568344
530.000000 280.000000
49.000000 143.000000
453.000000 382.000000
538.000000 151.000000
103.000000 131.000000
541.170410 323.804352
648.393921 320.331146
533.363831 218.937714
668.034363 389.983887
676.000000 247.000000
461.356018 318.878876
628.000000 438.000000
539.000000 433.000000
298.662598 63.477383
437.000000 287.000000
404.255219 110.211243
669.938843 203.417038
396.000000 266.000000
49.000000 123.000000
550.736267 90.580154
439.000000 237.000000
125.000000 123.000000
386.000000 175.000000
320.283661 124.934792
52.000000 72.000000
126.000000 143.000000
560.605713 390.643219
558.000000 148.000000
441.000000 321.000000
180.000000 43.000000
53.000000 50.000000
544.000000 238.000000
341.693146 135.100937
626.815735 205.289246
625.667419 275.964203
72.000000 73.000000
69.000000 159.000000
134.295914 68.307213
133.000000 309.000000
649.000000 209.000000
674.000000 226.000000
171.000000 142.000000
102.000000 61.000000
629.000000 225.000000
480.769836 86.957024
79.000000 251.000000
69.000000 128.000000
564.000000 238.000000
330.653503 104.359322
469.155365 249.033951
526.943481 78.502502
286.000000 128.000000
211.598648 292.832275
561.460632 322.257141
573.463379 214.824753
102.000000 167.000000
200.000000 40.000000
157.000000 51.000000
289.000000 268.000000
105.000000 109.000000
460.000000 98.000000
174.563461 84.484291
234.499298 106.186600
550.148560 79.630608
138.536316 288.579773
184.000000 64.000000
236.000000 203.000000
159.752487 112.087601
477.518005 285.617554
425.000000 109.000000
265.436096 272.706360
359.072296 251.616882
407.286804 129.651230
668.548096 317.637299
213.053421 250.636810
406.000000 173.000000
218.714401 91.606003
731.000000 259.000000
731.000000 203.000000
295.000000 239.000000
349.000000 313.000000
367.495575 130.648407
240.864914 158.705841
433.000000 378.000000
237.595779 138.120789
82.000000 53.000000
665.000000 268.000000
245.000000 83.000000
519.000000 434.000000
529.403687 58.575600
510.481842 282.102783
114.000000 195.000000
695.211365 210.725967
