177.000000 75.000000
680.000000 402.000000
459.000000 261.000000
154.311234 97.912750
460.000000 315.000000
566.000000 362.000000
680.000000 361.000000
214.000000 118.000000
700.000000 401.000000
680.000000 341.000000
197.000000 92.000000
242.000000 138.000000
564.000000 342.000000
479.000000 260.000000
457.000000 295.000000
556.000000 258.000000
549.000000 138.000000
372.000000 149.000000
564.000000 401.000000
315.000000 48.000000
469.000000 351.000000
591.000000 257.000000
338.000000 83.000000
276.000000 106.000000
469.000000 206.000000
578.000000 137.000000
566.000000 301.000000
586.000000 207.000000
554.000000 201.000000
700.000000 361.000000
449.000000 207.000000
661.000000 255.000000
96.000000 48.000000
689.000000 300.000000
392.000000 147.000000
586.000000 362.000000
660.000000 403.000000
166.000000 117.000000
660.000000 198.000000
477.000000 295.000000
449.000000 351.000000
700.000000 196.000000
256.000000 118.000000
171.000000 251.000000
158.000000 213.000000
69.000000 99.000000
383.000000 217.000000
294.000000 76.000000
186.000000 114.000000
700.000000 341.000000
247.000000 65.000000
139.000000 121.000000
95.000000 185.000000
87.000000 69.000000
304.000000 253.000000
439.000000 263.000000
272.000000 44.000000
176.000000 44.000000
157.537170 77.892914
707.000000 249.000000
242.000000 98.000000
49.000000 89.000000
363.000000 218.000000
480.000000 315.000000
295.000000 47.000000
321.000000 220.000000
347.000000 238.000000
586.000000 298.000000
92.000000 116.000000
178.000000 212.000000
134.000000 101.000000
274.000000 86.000000
584.000000 401.000000
151.000000 252.000000
669.000000 298.000000
278.000000 281.000000
544.000000 403.000000
324.000000 256.000000
105.000000 160.000000
191.000000 251.000000
660.000000 219.000000
681.000000 249.000000
107.000000 76.000000
328.000000 181.000000
373.000000 247.000000
222.000000 138.000000
116.000000 132.000000
705.000000 217.000000
76.000000 49.000000
489.000000 205.000000
75.000000 184.000000
345.000000 269.000000
234.000000 118.000000
591.000000 227.000000
443.000000 227.000000
566.000000 221.000000
248.000000 175.000000
318.000000 68.000000
125.000000 159.000000
584.000000 342.000000
274.000000 66.000000
482.000000 226.000000
680.000000 212.000000
74.000000 211.000000
270.000000 399.000000
691.000000 381.000000
301.000000 225.000000
536.000000 259.000000
96.000000 136.000000
276.000000 126.000000
