678.000000 413.000000
172.000000 137.000000
247.000000 171.000000
678.000000 369.000000
426.072784 87.963593
563.000000 370.000000
691.000000 349.000000
471.000000 269.000000
464.000000 320.000000
698.820923 407.812164
225.809097 128.866531
564.000000 350.000000
399.982269 63.370712
698.000000 369.000000
179.413742 76.642426
553.270935 264.482117
562.000000 411.000000
379.211243 160.001999
226.000000 150.000000
396.000000 221.000000
457.000000 215.000000
556.883362 140.337128
267.146271 177.502457
590.000000 264.000000
576.462280 137.729599
671.000000 349.000000
685.000000 305.000000
564.000000 308.000000
583.000000 371.000000
399.000000 83.000000
161.000000 117.000000
367.000000 89.000000
477.000000 214.000000
70.514076 52.525078
398.152618 157.390686
42.000000 85.000000
707.000000 244.000000
551.588379 207.375580
700.000000 196.000000
587.000000 206.000000
190.000000 98.000000
379.000000 57.000000
473.000000 300.000000
658.000000 413.000000
86.000000 104.000000
66.997917 116.726677
384.000000 243.000000
582.000000 411.000000
456.154907 236.798599
210.392624 108.129166
655.000000 199.000000
656.156250 261.016968
194.000000 133.000000
336.651794 94.108360
145.553055 264.730133
66.000000 96.000000
358.060059 60.398270
584.000000 305.000000
227.000000 170.000000
215.000000 292.000000
238.168945 261.156219
40.000000 160.000000
338.000000 71.000000
131.000000 223.000000
704.000000 218.000000
199.455643 76.032631
47.000000 36.000000
126.000488 264.610901
440.542725 272.675262
276.262695 232.007584
275.905457 266.933228
129.389877 245.490372
449.000000 362.000000
589.000000 226.000000
171.200409 54.999527
658.000000 222.000000
491.000000 270.000000
145.000000 137.000000
197.000000 153.000000
469.382446 367.854553
420.903748 64.169022
678.246704 253.044510
50.000000 56.000000
286.282959 195.558777
177.000000 157.000000
89.000000 170.000000
452.000000 300.000000
313.000000 254.000000
115.000000 115.000000
365.466370 109.546288
65.000000 136.000000
151.655380 37.842613
305.000000 278.000000
104.854095 60.989517
110.723885 251.228714
116.000000 150.000000
109.000000 230.000000
90.802048 38.472080
319.000000 114.000000
678.000000 226.000000
337.369202 219.691528
400.055115 132.923386
285.719879 140.790192
340.219604 249.564560
207.469254 402.887421
191.785095 44.929317
400.113098 43.457191
535.046936 265.718109
484.000000 320.000000
482.000000 235.000000
