613.000000 473.000000
620.000000 392.000000
731.000000 392.000000
613.000000 413.000000
730.000000 478.000000
526.000000 418.000000
731.000000 416.000000
527.000000 397.000000
628.000000 201.000000
725.000000 264.000000
529.000000 234.000000
607.000000 212.000000
452.000000 372.000000
716.000000 183.000000
455.000000 252.000000
726.000000 327.000000
610.000000 232.000000
308.000000 197.000000
108.014389 158.261307
633.000000 471.000000
710.000000 477.000000
529.000000 299.000000
716.000000 205.000000
449.000000 409.000000
631.000000 267.000000
711.000000 403.000000
630.000000 224.000000
731.000000 41.000000
455.768250 347.207275
599.904846 286.283722
633.000000 413.000000
708.287598 91.351021
525.000000 254.000000
525.000000 350.000000
522.000000 467.000000
412.000000 264.000000
84.000000 195.000000
453.000000 313.000000
519.650024 158.769730
508.410248 303.128815
696.543091 182.381210
354.000000 283.000000
181.000000 301.000000
85.456879 326.077423
454.000000 272.000000
700.860107 266.123077
619.000000 287.000000
546.000000 417.000000
723.000000 305.000000
315.000000 177.000000
615.000000 343.000000
68.000000 216.000000
259.000000 296.000000
141.000000 39.000000
102.333572 138.242126
136.000000 75.000000
405.761993 202.657959
267.000000 200.000000
726.000000 365.000000
336.000000 343.000000
181.200333 323.192535
481.259888 133.140335
324.560547 138.987732
320.842560 227.932541
217.000000 100.000000
696.000000 212.000000
535.865173 129.243195
158.858215 160.197540
693.000000 63.000000
297.000000 220.000000
460.998688 138.847687
264.374939 340.448334
120.369606 113.819412
549.000000 228.000000
168.336563 280.571869
170.469040 191.627701
593.000000 471.000000
273.000000 179.000000
731.000000 82.000000
210.941315 120.131973
269.000000 271.000000
667.000000 471.000000
615.248535 319.909027
600.000000 392.000000
526.000000 330.000000
212.000000 80.000000
394.989746 158.867172
82.425491 129.502197
505.135986 234.519379
222.000000 185.000000
345.000000 305.000000
590.000000 233.000000
208.889816 161.666016
346.530151 138.917404
666.315491 405.175781
273.000000 43.000000
87.000000 306.000000
433.510559 326.884521
104.000000 196.000000
502.697418 469.303955
289.000000 240.000000
81.517334 347.687622
323.796112 98.779625
706.000000 329.000000
154.766693 317.848236
187.709167 134.092987
182.000000 55.000000
193.000000 446.000000
622.000000 441.000000
415.954620 176.999420
