643.318726 439.436646
449.503876 349.987030
374.025726 125.114647
654.455627 369.189301
641.744019 391.925995
535.751892 394.172241
450.202789 294.966614
540.699097 222.955368
536.446106 372.583160
661.449097 364.381592
550.759216 282.685791
70.000000 156.000000
634.034241 369.288971
388.802032 250.851303
317.964508 120.032288
662.845764 433.755768
450.361725 238.623779
520.805420 285.903381
731.000000 108.000000
449.793701 391.253510
523.749512 156.864731
165.000000 200.000000
533.476440 329.182281
637.931458 321.290009
522.099792 224.399963
660.687073 390.701782
662.238220 246.697678
455.968231 327.831512
622.647644 439.900543
535.518921 438.806488
302.496796 80.671829
430.774628 296.788147
398.488098 122.733116
654.444519 202.873383
390.749359 277.843445
132.000000 317.000000
552.822754 92.314354
431.209198 246.785049
140.000000 147.000000
377.623352 187.874039
326.143524 140.271179
59.505707 100.298706
197.000000 66.000000
555.625916 395.515900
543.143188 152.843124
436.169037 330.506805
90.000000 175.000000
59.900295 77.797951
533.335571 243.401596
184.000000 169.000000
612.132263 206.182343
613.351868 278.046906
66.000000 36.000000
161.000000 79.000000
140.652344 93.132881
255.000000 216.000000
634.526978 209.347382
659.749634 224.959946
731.000000 179.000000
731.000000 219.000000
615.207764 226.479416
483.120728 95.367348
200.000000 268.000000
118.000000 163.000000
552.356567 242.536163
336.130127 119.691200
460.762482 257.648224
530.248657 84.627464
293.086121 145.421387
200.453049 312.289246
553.305420 327.156219
560.902222 218.965652
57.000000 136.000000
278.000000 284.000000
79.000000 100.000000
122.000000 338.000000
113.379417 133.580673
464.643951 107.403160
181.980942 107.027367
239.213440 125.404564
552.161743 82.911736
285.000000 255.000000
189.934341 86.485733
101.000000 205.000000
166.407135 134.747101
470.270996 294.386688
418.829224 120.025291
255.576172 290.432312
351.341034 265.038422
401.469971 141.254974
657.553833 317.693451
531.000000 127.000000
396.790009 185.303375
222.048538 114.697220
715.317932 255.827026
712.715759 199.293289
109.000000 84.000000
342.656799 326.855377
362.341980 144.155548
247.550537 177.966522
72.000000 277.000000
243.280899 158.162460
87.153786 80.127037
652.736084 267.987671
249.371964 102.743385
515.928406 440.280701
532.417297 65.029800
500.926819 288.841095
308.000000 176.000000
680.550293 209.580505
