634.504333 428.559021
638.026611 354.361694
397.542419 107.015709
639.232605 384.680267
451.868134 334.668976
533.289124 379.360901
535.443848 359.357300
539.976440 265.870087
539.381348 203.071640
452.895203 279.131836
450.930145 225.538773
449.473938 370.937836
396.838989 231.921494
654.666687 423.388489
368.189667 103.574692
215.000000 190.000000
450.560211 311.437225
520.301147 268.588684
726.518127 83.316139
520.371277 204.552353
526.334839 136.420334
648.606567 181.916611
536.662170 306.406799
620.304565 374.014954
624.445435 192.203476
124.366196 134.222733
614.568909 428.860107
655.489746 228.853485
397.642120 260.310913
727.000000 196.000000
731.000000 430.000000
637.513489 296.929871
422.017639 104.202469
552.299683 391.217316
532.186035 425.106384
116.858208 295.274170
599.306702 63.560276
724.268555 241.092911
559.159363 267.420746
388.091278 168.735214
375.168915 123.531136
86.107079 178.733063
188.000000 132.000000
215.000000 168.000000
626.112183 212.724350
271.611603 263.663116
189.405594 247.141357
130.457153 154.301910
533.209106 225.045578
110.000000 154.000000
641.381531 252.393204
608.451904 261.255585
280.672729 236.227936
204.350861 267.728912
191.712936 77.956978
470.193787 224.880966
237.837585 94.792389
654.883057 206.701599
725.806519 157.874207
658.967773 378.039154
450.317719 245.564682
534.656311 77.581657
304.190002 120.920296
195.000000 152.000000
550.417297 224.297256
117.600121 274.448639
38.000000 143.000000
585.117310 66.434380
341.670685 128.979980
189.180267 291.642120
274.513306 305.822845
112.112839 67.701851
433.681732 279.505646
208.736710 117.182014
110.435226 93.622383
107.371933 315.720093
346.172699 271.416077
516.239197 87.826752
93.217773 200.360489
284.064026 108.632629
598.578186 55.010506
432.146484 228.135529
691.323730 369.731964
559.182922 200.560928
129.813660 95.730560
339.356506 307.985107
442.530914 101.376831
250.457062 271.397522
352.820770 246.353134
424.764526 122.931847
618.273682 353.944885
533.347595 106.424927
405.799805 166.264221
265.145142 98.600403
657.215149 358.057556
707.294128 193.973267
209.262466 289.039978
157.002609 69.750931
348.000000 148.000000
298.086517 161.799789
68.688454 256.643066
291.214813 143.923141
101.325272 220.386337
172.000000 153.000000
297.457458 86.411865
471.956360 276.723969
587.724365 46.472958
500.004333 271.770599
604.603333 187.735016
677.599670 226.600632
