601.000000 453.000000
721.000000 366.000000
607.000000 374.000000
710.000000 389.000000
601.000000 395.000000
717.000000 457.000000
512.000000 401.000000
730.000000 399.000000
722.000000 163.000000
512.996399 217.687393
513.000000 380.000000
614.000000 189.000000
440.000000 356.000000
721.000000 191.000000
439.000000 238.000000
727.000000 247.000000
702.000000 170.000000
593.000000 199.000000
76.000000 146.000000
712.000000 311.000000
621.000000 447.000000
691.000000 191.000000
514.000000 284.000000
697.000000 456.000000
435.000000 397.000000
617.000000 251.000000
596.000000 219.000000
276.000000 194.000000
441.000000 332.000000
586.000000 271.000000
616.000000 210.000000
693.000000 81.000000
701.000000 366.000000
62.000000 166.000000
621.000000 395.000000
707.000000 248.000000
512.000000 334.000000
510.000000 237.000000
503.496979 146.082001
494.000000 288.000000
682.000000 170.000000
444.000000 298.000000
190.000000 168.000000
77.000000 315.000000
395.000000 250.000000
687.000000 251.000000
510.000000 449.000000
284.000000 170.000000
532.000000 214.000000
181.000000 128.000000
65.000000 186.000000
339.000000 269.000000
532.000000 401.000000
263.000000 224.000000
71.000000 126.000000
187.000000 87.000000
387.510406 189.422546
603.000000 324.000000
438.000000 258.000000
171.000000 289.000000
171.000000 311.000000
458.075043 120.508675
295.000000 125.000000
293.000000 214.000000
717.000000 72.000000
709.000000 290.000000
520.000000 117.000000
127.337944 147.231201
608.000000 271.000000
105.000000 64.000000
438.000000 126.000000
253.000000 327.000000
89.000000 102.000000
655.000000 450.000000
158.000000 269.000000
137.734268 178.698410
324.000000 330.000000
237.000000 182.000000
247.000000 284.000000
180.000000 107.000000
189.000000 67.000000
257.000000 258.000000
602.000000 304.000000
255.000000 162.000000
714.000000 346.000000
127.000000 74.000000
365.000000 145.000000
51.000000 117.000000
490.000000 221.000000
581.000000 452.000000
576.000000 220.000000
587.000000 374.000000
178.000000 148.000000
317.993896 124.058479
654.112671 387.744873
611.000000 422.000000
730.000000 143.000000
418.652954 311.899902
534.000000 284.000000
490.000000 451.000000
292.000000 42.000000
73.000000 337.000000
294.003967 85.023346
324.000000 76.000000
145.000000 306.000000
156.000000 121.000000
53.000000 216.000000
513.000000 314.000000
375.000000 165.000000
398.000000 164.000000
