619.000000 398.000000
144.000000 41.000000
731.000000 403.000000
120.000000 66.000000
404.000000 302.000000
406.000000 248.000000
508.000000 353.000000
618.000000 357.000000
731.000000 349.000000
622.000000 337.000000
76.000000 116.000000
405.000000 282.000000
426.000000 248.000000
639.000000 398.000000
504.000000 250.000000
106.000000 89.000000
507.000000 333.000000
324.000000 131.000000
730.000000 133.000000
511.000000 131.000000
165.000000 62.000000
419.000000 193.000000
504.000000 392.000000
730.000000 197.000000
539.000000 251.000000
412.000000 342.000000
512.000000 293.000000
514.000000 200.000000
532.000000 130.000000
638.000000 358.000000
36.000000 152.000000
399.000000 193.000000
608.000000 252.000000
528.000000 354.000000
621.000000 203.000000
344.000000 130.000000
722.000000 257.000000
599.000000 399.000000
730.000000 297.000000
540.000000 195.000000
632.000000 297.000000
392.000000 337.000000
648.000000 197.000000
195.000000 92.000000
117.000000 183.000000
131.000000 86.000000
424.000000 302.000000
731.000000 370.000000
151.000000 84.000000
137.000000 183.000000
288.000000 64.000000
129.000000 223.000000
386.000000 248.000000
299.000000 218.000000
642.000000 338.000000
214.000000 149.000000
425.000000 282.000000
337.000000 199.000000
124.000000 46.000000
652.000000 250.000000
258.000000 37.000000
56.000000 123.000000
494.000000 193.000000
524.000000 392.000000
215.000000 97.000000
121.000000 203.000000
279.000000 199.000000
711.000000 403.000000
109.000000 223.000000
262.000000 235.000000
239.000000 260.000000
532.000000 290.000000
56.000000 150.000000
149.000000 224.000000
188.000000 37.000000
484.000000 393.000000
70.000000 96.000000
76.000000 136.000000
612.000000 297.000000
439.000000 193.000000
194.000000 112.000000
219.000000 41.000000
652.000000 218.000000
316.000000 198.000000
291.000000 248.000000
632.000000 247.000000
609.000000 223.000000
71.000000 76.000000
392.000000 214.000000
432.000000 215.000000
171.000000 90.000000
322.000000 219.000000
601.000000 195.000000
145.000000 61.000000
289.000000 161.000000
194.000000 72.000000
632.000000 224.000000
141.000000 203.000000
491.000000 128.000000
225.000000 378.000000
38.000000 37.000000
218.000000 77.000000
539.000000 215.000000
101.000000 203.000000
484.000000 250.000000
527.000000 333.000000
157.000000 176.000000
304.000000 127.000000
498.000000 220.000000
185.000000 421.000000
