662.000000 447.000000
549.000000 400.000000
352.436249 118.081970
676.284729 382.442627
662.000000 402.000000
455.000000 347.000000
682.000000 447.000000
453.000000 296.000000
550.000000 380.000000
682.481750 415.241608
463.070190 240.547623
576.000000 292.000000
656.000000 382.000000
391.000000 248.000000
239.694244 105.558746
547.000000 442.000000
67.839745 170.295517
380.656311 186.229507
473.000000 296.000000
124.000000 49.000000
48.000000 215.000000
195.000000 142.000000
550.000000 336.000000
663.000000 335.000000
276.000000 189.000000
443.596191 241.450470
642.000000 447.000000
77.000000 69.000000
84.051071 122.948273
242.000000 161.000000
230.615311 63.484379
569.000000 401.000000
694.000000 261.000000
116.000000 69.000000
566.000000 162.000000
541.000000 291.000000
487.000000 113.000000
541.516785 233.195038
685.926514 223.869873
575.374878 231.926514
248.097046 126.523407
464.000000 327.000000
197.000000 122.000000
397.000000 108.000000
129.000000 171.000000
72.000000 92.000000
87.000000 159.000000
460.000000 392.000000
50.526615 134.745209
269.234344 137.628998
642.155212 224.878632
641.916138 290.406525
94.000000 102.000000
399.850067 183.636307
57.000000 59.000000
36.000000 94.000000
546.000000 163.000000
130.996689 151.332947
280.000000 157.000000
397.000000 275.000000
440.000000 388.000000
657.000000 244.000000
222.000000 153.000000
36.000000 68.000000
170.000000 313.000000
259.041077 105.755257
417.000000 100.000000
82.000000 49.000000
53.109394 114.265564
242.000000 298.000000
570.891418 334.956665
187.000000 283.000000
227.669983 128.655396
68.000000 203.000000
433.000000 299.000000
240.000000 256.000000
483.476532 266.365265
104.000000 49.000000
371.000000 257.000000
176.000000 105.000000
484.923889 93.493233
664.147156 278.950592
202.000000 162.000000
256.859009 220.155167
568.000000 443.000000
41.000000 154.000000
94.000000 252.000000
285.128510 278.344940
443.000000 327.000000
383.946960 135.947800
683.000000 333.000000
467.000000 113.000000
308.000000 276.000000
155.477158 87.232330
458.000000 261.000000
175.000000 85.000000
483.135468 240.274734
536.159180 252.657791
340.701477 138.123505
114.000000 118.000000
48.000000 195.000000
175.000000 136.000000
320.948883 149.740326
641.000000 265.000000
157.202759 421.271576
578.000000 267.000000
466.478394 71.910011
521.778137 293.892517
475.000000 348.000000
706.998413 231.305725
