640.855774 421.389709
643.911926 347.670898
394.290161 102.257027
645.328247 377.709900
454.776306 329.502014
538.022034 373.368622
539.961548 353.259796
543.811096 260.277283
543.068970 197.673645
455.311035 274.034424
453.038269 220.650635
452.858795 365.600128
397.797760 226.776520
661.060059 416.252167
358.500793 98.759392
205.000000 185.000000
453.402435 306.269928
523.774902 263.211823
731.000000 78.000000
523.431091 199.201477
528.632812 131.609070
653.417969 176.198441
540.904663 300.655731
626.067566 367.292511
628.593262 186.452606
114.000000 131.000000
620.856445 421.819336
660.706360 222.608932
398.684692 255.631149
179.000000 128.000000
159.000000 144.000000
642.848877 290.541870
418.802277 99.401085
557.417847 384.996307
537.261963 418.859314
123.385902 292.871002
589.338623 59.209629
729.937134 234.657867
563.340088 261.749054
388.346771 164.382477
366.679443 119.459473
89.000000 176.000000
235.000000 46.000000
151.000000 172.000000
630.647583 206.871674
275.784027 259.885773
194.535324 243.905533
120.000000 151.000000
536.554016 219.688919
223.445526 147.807480
646.143311 246.206390
613.140259 255.323364
284.450928 232.340057
209.784744 264.471191
181.376266 74.151962
472.857513 220.090012
227.701859 90.594269
659.911682 200.640884
730.943848 151.953400
665.346069 371.068024
452.516022 240.589691
524.730347 71.882233
295.165527 116.562164
339.000000 147.000000
554.486938 218.813019
124.000000 272.000000
159.000000 121.000000
574.287415 60.867840
332.162445 124.114868
194.950485 288.660248
279.000000 302.000000
102.000000 64.000000
435.690308 274.529877
199.000000 113.000000
100.000000 90.000000
113.890739 313.441223
349.000000 267.000000
506.606659 83.172798
97.099739 197.577545
274.897552 104.377060
588.413879 50.526333
433.763062 223.217438
698.000000 362.000000
563.001343 195.147766
120.000000 92.000000
342.583679 303.731842
439.229462 96.454277
254.307449 267.503601
355.441467 241.938568
421.698944 117.988152
623.917419 347.337769
535.558167 101.185669
406.624908 161.780197
255.465134 94.642387
663.325134 351.134277
712.370605 187.920380
215.000000 286.000000
147.000000 66.000000
312.000000 173.000000
287.929199 157.155319
72.019798 254.269470
281.460846 138.961182
106.291611 217.679398
100.000000 151.000000
287.693604 82.124123
474.796051 271.477386
576.241760 41.047745
503.434601 266.300476
608.740051 182.138138
683.109253 220.519058
