647.000000 410.000000
647.000000 337.000000
377.615814 102.695770
650.000000 367.000000
454.000000 327.000000
541.000000 367.000000
542.000000 347.000000
542.000000 255.000000
539.000000 193.000000
452.000000 272.000000
448.000000 219.000000
454.000000 363.000000
391.000000 227.000000
667.000000 404.000000
330.317444 99.795448
181.000000 190.000000
452.000000 304.000000
521.591431 258.517883
724.623474 69.719498
519.000000 195.000000
520.497742 128.379837
649.000000 168.000000
541.000000 295.000000
630.000000 357.000000
625.000000 179.000000
87.000000 141.000000
627.000000 411.000000
659.000000 213.000000
393.000000 256.000000
731.000000 179.000000
312.314697 61.050735
644.000000 281.000000
401.738739 99.406898
561.000000 378.000000
542.000000 412.000000
128.859238 303.885468
567.785278 56.066288
729.000000 223.000000
562.000000 256.000000
378.698639 165.396881
339.573273 119.519302
72.415108 91.656830
206.469894 49.853638
90.000000 172.000000
628.000000 199.000000
276.000000 265.000000
196.000000 252.000000
74.000000 69.000000
532.964294 215.223221
198.030060 153.058167
645.000000 237.000000
612.212830 247.405228
283.000000 237.000000
212.000000 272.000000
151.335464 80.606209
468.000000 218.000000
200.000000 95.000000
657.209839 191.692184
727.033386 141.368591
670.000000 360.000000
448.000000 239.000000
502.323059 67.007446
269.000000 120.000000
133.068909 151.634613
551.364624 213.645279
349.009125 99.277840
153.000000 135.000000
552.541504 57.543633
306.337036 125.789978
197.970856 296.801422
118.000000 75.000000
124.000000 181.000000
432.000000 273.000000
286.000000 180.000000
91.914680 90.535248
119.819847 324.644257
126.930580 122.653198
484.005066 77.364685
96.000000 209.000000
249.667480 108.788460
566.744507 46.989761
428.000000 222.000000
199.942017 71.363472
559.000000 190.000000
179.580643 120.826469
342.000000 306.000000
421.830963 95.796097
254.630325 272.955902
352.237213 243.779221
404.949615 117.816208
627.000000 337.000000
527.043823 97.600304
397.515198 162.541428
231.923889 101.268753
667.000000 340.000000
711.464600 195.204422
48.000000 197.000000
279.000000 215.000000
366.261505 123.862602
261.821106 161.061539
71.055748 266.944885
255.730820 142.582184
107.000000 229.000000
317.000000 154.000000
260.689606 85.982689
472.000000 269.000000
555.132019 36.741550
501.322845 262.029785
605.000000 175.000000
681.888733 210.995453
