683.000000 422.000000
246.000000 178.000000
134.000000 122.000000
149.000000 95.000000
399.000000 98.000000
464.000000 279.000000
62.000000 58.000000
683.000000 380.000000
567.000000 380.000000
703.000000 418.000000
197.000000 133.000000
173.000000 115.000000
373.000000 70.000000
467.000000 329.000000
307.000000 108.000000
558.681946 274.742584
552.978333 153.836838
381.344818 167.544464
484.000000 278.000000
683.053589 360.452087
146.000000 36.000000
159.000000 75.000000
266.000000 182.000000
567.775208 360.222076
595.000000 275.000000
581.729980 152.323044
305.000000 88.000000
566.000000 420.000000
202.000000 153.000000
169.000000 95.000000
590.663574 222.950455
662.277649 253.530579
36.000000 175.000000
42.000000 51.000000
400.928101 165.405869
379.000000 90.000000
703.000000 380.000000
557.165588 218.729538
46.000000 152.000000
568.000000 319.000000
691.000000 317.000000
359.000000 95.000000
479.593445 223.601334
587.000000 381.000000
704.800293 210.152054
37.000000 116.000000
353.000000 64.000000
703.012695 360.498566
459.806183 224.398270
663.000000 423.000000
268.292786 267.859741
662.000000 273.000000
662.999023 212.908447
327.000000 101.000000
147.345444 269.950073
143.306122 145.060501
331.419067 66.932869
712.000000 263.000000
395.273651 236.968796
476.000000 309.000000
297.000000 128.000000
109.199982 116.577316
41.000000 96.000000
586.000000 420.000000
136.629883 75.322685
300.000000 239.000000
588.552246 316.259613
139.000000 233.000000
444.000000 281.000000
302.594604 274.769073
232.000000 158.000000
325.000000 285.000000
453.000000 370.000000
241.000000 298.000000
473.000000 379.000000
163.688141 138.147400
66.000000 168.000000
218.556793 179.164886
332.000000 261.000000
268.325409 244.429840
394.045074 70.820107
684.044800 266.430328
593.000000 243.000000
306.958740 201.783936
354.000000 257.000000
662.576294 234.974014
455.000000 309.000000
710.000000 232.000000
378.473633 298.013702
358.574951 115.741196
396.290405 256.949860
128.048553 269.512665
570.791199 238.875015
82.787567 60.929783
190.892731 454.660248
86.731407 111.091850
129.000000 102.000000
448.801239 243.970993
159.161194 223.041885
166.517151 269.179382
351.214813 226.820816
402.962067 141.296814
266.000000 162.000000
55.000000 210.000000
233.886703 410.741882
166.000000 47.000000
373.000000 50.000000
540.786560 275.923950
487.000000 329.000000
546.000000 422.000000
