596.000000 435.000000
715.000000 352.000000
597.000000 360.000000
591.000000 381.000000
712.000000 436.000000
496.000000 387.000000
720.000000 379.000000
418.000000 345.000000
498.000000 275.000000
497.000000 213.000000
724.000000 160.000000
498.000000 367.000000
603.000000 186.000000
416.000000 289.000000
349.542847 115.208260
695.000000 365.000000
414.000000 235.000000
581.000000 195.000000
415.000000 384.000000
415.000000 321.000000
707.000000 300.000000
611.000000 382.000000
576.000000 435.000000
595.000000 215.000000
682.000000 171.000000
616.000000 429.000000
497.000000 322.000000
478.000000 279.000000
700.000000 385.000000
695.000000 191.000000
692.000000 435.000000
477.000000 214.000000
391.324493 114.933517
610.000000 235.000000
109.000000 150.000000
73.000000 310.000000
362.000000 243.000000
496.000000 433.000000
484.000000 143.000000
715.000000 190.000000
590.000000 259.000000
571.000000 215.000000
702.000000 170.000000
570.000000 262.000000
720.000000 241.000000
682.000000 84.000000
516.000000 388.000000
114.210159 170.738617
493.000000 234.000000
594.000000 313.000000
677.000000 245.000000
234.000000 277.000000
176.000000 148.000000
163.000000 281.000000
173.997864 93.528770
675.000000 199.000000
518.000000 275.000000
318.000000 258.000000
238.000000 320.000000
153.000000 305.000000
304.000000 320.000000
199.000000 205.000000
285.579346 134.110199
517.000000 208.000000
356.000000 271.000000
75.950218 290.646942
615.000000 211.000000
349.000000 183.000000
706.000000 36.000000
149.000000 261.000000
727.000000 296.000000
94.086388 86.197388
700.000000 243.000000
179.000000 205.000000
93.113571 111.053726
242.000000 249.000000
44.000000 197.000000
150.000000 192.000000
68.000000 332.000000
264.638855 121.636276
155.000000 164.000000
710.000000 76.000000
182.000000 168.000000
702.000000 278.000000
112.371452 112.848801
87.000000 131.000000
411.680573 111.259476
54.000000 218.000000
396.000000 301.000000
394.353058 133.199280
413.000000 255.000000
94.000000 170.000000
369.414764 177.118027
243.624207 111.742676
156.000000 141.000000
202.000000 173.000000
132.000000 298.000000
139.436401 86.164154
336.000000 150.000000
281.892761 174.837769
36.000000 156.000000
273.870300 157.377243
177.000000 425.000000
476.000000 435.000000
277.614136 99.684418
561.000000 194.000000
565.236023 54.555641
311.000000 283.000000
602.000000 405.000000
61.000000 238.000000
