707.126404 343.837799
601.345276 349.585175
594.000000 436.000000
594.302612 370.577667
697.232849 364.205688
709.000000 110.000000
703.245178 441.085419
688.000000 119.000000
716.724426 371.351410
697.845032 210.667282
513.000000 377.000000
607.000000 145.000000
514.000000 186.000000
516.000000 356.000000
717.561951 205.361542
683.490601 441.030884
690.000000 146.000000
452.000000 206.000000
723.244568 434.219513
587.000000 158.000000
589.000000 180.000000
710.000000 140.000000
614.000000 434.000000
699.069885 277.263153
513.000000 206.000000
678.030090 212.853058
163.000000 265.000000
596.443481 235.857910
515.159668 254.182083
163.000000 288.000000
452.000000 226.000000
609.000000 178.000000
606.000000 214.000000
61.000000 168.000000
613.379456 370.755035
445.000000 334.000000
507.664185 106.436958
135.000000 99.000000
60.000000 192.000000
324.072266 145.393326
332.000000 306.000000
69.000000 279.000000
512.683105 430.642883
260.000000 274.000000
670.000000 155.000000
512.744568 306.962158
258.752686 296.616760
729.000000 101.000000
364.000000 102.000000
576.442932 237.974899
316.000000 165.000000
179.000000 411.000000
64.000000 212.000000
518.288513 72.831482
206.422577 119.906311
726.409851 350.992035
718.168030 274.293579
668.000000 123.000000
696.667053 253.391327
497.710846 257.810272
444.051208 271.758026
687.443481 341.726440
701.236694 318.263336
170.000000 129.000000
360.000000 166.000000
325.000000 74.000000
408.519958 158.264130
533.917114 376.520081
221.615646 174.319931
179.285248 56.024967
348.000000 244.000000
261.000000 98.000000
534.000000 177.000000
642.929688 434.198120
446.000000 387.000000
138.000000 283.000000
582.084473 350.057251
150.000000 245.000000
353.000000 283.000000
344.000000 143.000000
594.261658 298.468018
411.625031 221.011124
534.820496 206.560562
669.660767 175.866165
593.325989 276.841278
514.404663 286.241577
167.000000 371.000000
531.322876 433.628662
416.000000 121.000000
730.000000 134.000000
147.000000 79.000000
256.000000 233.000000
643.701355 365.656067
245.000000 254.000000
679.358948 279.781250
344.000000 385.000000
183.676407 295.686920
494.000000 186.000000
158.931091 168.721191
353.217926 313.958801
301.000000 78.000000
237.000000 299.000000
349.827271 417.002502
492.818451 432.358826
403.000000 36.000000
601.757446 400.659698
150.000000 130.000000
445.000000 310.000000
278.794678 296.682709
571.720886 435.481750
