657.388733 431.562622
109.000000 106.000000
367.822845 99.934296
672.511841 365.874207
657.898682 386.081635
547.000000 382.000000
677.370972 431.742767
84.000000 130.000000
548.093750 361.973663
678.266357 399.637726
456.000000 331.000000
41.000000 195.000000
652.127136 365.218445
462.000000 277.000000
273.031158 87.996140
544.287292 424.913330
465.000000 222.000000
386.789062 167.760696
570.000000 274.000000
395.000000 230.000000
129.000000 112.000000
226.499771 124.574448
548.602905 318.232483
659.637024 317.845276
542.000000 215.000000
54.000000 152.000000
637.292419 431.312897
442.000000 278.000000
465.000000 311.000000
275.924072 143.534592
262.575195 45.998203
445.000000 222.000000
394.000000 99.000000
684.000000 205.000000
566.614624 142.227386
540.516113 272.683990
514.866638 91.603874
76.000000 155.000000
691.000000 244.000000
574.789368 212.730179
281.043884 108.564705
61.000000 180.000000
83.000000 107.000000
567.000000 384.000000
460.000000 374.000000
157.000000 36.000000
125.000000 132.000000
397.000000 256.000000
417.000000 100.000000
302.605225 119.948441
640.290405 205.641022
638.863464 272.927185
59.972298 114.713493
405.584045 165.066711
92.336250 43.648434
72.848389 77.880997
546.444580 143.626968
136.236191 156.444199
313.949646 138.516632
644.000000 225.000000
121.000000 84.000000
444.000000 78.000000
440.000000 370.000000
41.000000 175.000000
671.000000 225.000000
291.999023 88.081062
112.000000 53.000000
488.926758 71.278999
92.000000 86.000000
231.323334 278.483246
569.379700 317.151123
171.972321 263.167725
260.497467 110.714462
444.000000 311.000000
91.000000 232.000000
229.464737 236.721512
483.553314 264.277832
45.000000 215.000000
156.000000 293.000000
205.887848 88.537102
511.854614 73.617508
662.277466 259.430389
235.711914 145.077454
225.000000 104.000000
565.894714 426.324768
372.000000 242.000000
52.000000 84.000000
279.507233 259.202118
136.000000 43.000000
397.307404 119.217964
679.822083 315.921387
105.287682 131.492905
255.000000 133.000000
185.125931 71.131645
460.261597 242.201767
204.698166 68.668068
96.000000 151.000000
70.000000 52.000000
355.968781 119.225731
206.000000 139.000000
484.151459 91.015457
204.886200 119.296013
341.974762 125.734528
638.620056 246.492615
142.480530 399.294495
116.000000 152.000000
491.467010 51.722454
520.263000 275.836823
576.000000 249.000000
706.335083 212.323532
