623.000000 428.000000
625.000000 352.000000
619.000000 373.000000
523.000000 378.000000
447.000000 336.000000
527.000000 265.000000
527.000000 200.000000
526.000000 357.000000
631.000000 174.000000
609.000000 184.000000
731.000000 377.000000
445.000000 220.000000
444.000000 372.000000
446.000000 280.000000
393.057220 104.700478
722.737305 357.307922
446.000000 311.000000
603.000000 428.000000
731.000000 291.000000
66.000000 155.000000
623.000000 204.000000
153.000000 144.000000
709.000000 158.000000
643.000000 422.000000
507.000000 203.000000
524.000000 313.000000
718.000000 178.000000
506.973145 269.195618
638.000000 224.000000
639.000000 373.000000
719.098755 428.768066
524.000000 425.000000
599.000000 204.000000
98.000000 300.000000
731.000000 156.000000
393.000000 232.000000
617.000000 249.000000
36.000000 117.000000
513.273193 131.392471
521.000000 223.000000
189.000000 271.000000
190.000000 294.000000
621.000000 304.000000
597.774841 251.840210
246.000000 184.000000
710.837708 69.152832
543.883789 379.694336
225.000000 159.000000
348.000000 249.000000
267.000000 310.000000
704.734497 234.385437
262.000000 267.000000
444.000000 240.000000
46.000000 164.000000
218.223480 85.363907
195.000000 183.000000
387.000000 172.000000
535.000000 96.000000
547.000000 265.000000
333.000000 310.000000
138.000000 104.000000
446.000000 102.000000
200.000000 156.000000
326.000000 127.000000
85.000000 124.000000
176.000000 251.000000
388.000000 261.000000
222.000000 130.000000
270.000000 239.000000
643.000000 199.000000
165.000000 289.000000
138.000000 124.000000
731.000000 232.000000
547.000000 197.000000
100.000000 280.000000
223.000000 194.000000
72.891022 187.649384
203.000000 414.000000
197.000000 133.000000
306.578583 112.043503
95.000000 321.000000
730.000000 268.000000
504.000000 427.000000
605.000000 352.000000
630.000000 398.000000
44.000000 66.000000
411.446075 86.119347
81.850082 208.684616
426.835419 291.360138
430.495636 122.807106
91.000000 151.000000
589.000000 183.000000
157.000000 164.000000
285.624786 102.625488
676.000000 366.000000
245.771088 164.109650
342.000000 274.000000
541.000000 220.000000
52.000000 184.000000
326.930328 165.642197
622.000000 283.000000
317.877014 149.074371
258.000000 62.000000
92.000000 171.000000
677.000000 425.000000
142.000000 71.000000
637.000000 244.000000
689.000000 171.000000
265.000000 164.000000
82.000000 36.000000
