671.000000 420.000000
54.536022 164.048462
352.000000 92.000000
685.000000 356.000000
474.165894 85.559387
557.000000 373.000000
463.000000 321.000000
673.000000 376.000000
469.000000 270.000000
691.094482 414.713470
470.000000 215.000000
397.000000 223.000000
449.332001 64.097031
449.000000 271.000000
229.369492 79.151207
558.000000 353.000000
53.879097 144.403336
385.158142 160.634842
585.000000 266.000000
665.000000 356.000000
36.000000 189.000000
89.575768 91.151596
228.588333 140.332855
556.000000 415.000000
276.657776 129.325378
450.000000 216.000000
673.000000 309.000000
693.000000 385.000000
70.193901 95.635826
704.000000 237.000000
221.000000 37.000000
558.634277 139.151581
559.000000 310.000000
577.000000 375.000000
651.000000 419.000000
454.000000 84.000000
578.000000 138.000000
549.184204 207.870239
695.000000 199.000000
583.247559 206.635742
239.497238 100.571419
410.000000 87.000000
189.000000 94.000000
182.000000 115.000000
78.503120 54.534294
471.000000 301.000000
466.000000 367.000000
58.000000 39.000000
36.000000 108.000000
259.898804 109.609291
650.842712 199.768814
650.903687 264.333618
55.481297 67.437637
405.000000 158.000000
553.109558 138.477448
208.000000 123.000000
404.722168 63.091530
143.000000 126.000000
68.000000 124.000000
264.000000 169.000000
446.000000 362.000000
278.130371 149.511414
387.170197 72.592812
186.000000 289.000000
653.000000 224.000000
249.512161 78.742111
403.000000 250.000000
204.000000 259.000000
38.000000 87.000000
250.000000 266.000000
579.000000 309.000000
140.000000 146.000000
219.000000 103.000000
224.000000 57.000000
481.000000 235.000000
683.000000 222.000000
489.718842 256.567444
252.197266 231.534103
381.000000 243.000000
577.000000 416.000000
469.740112 64.729950
672.974121 254.059021
106.000000 229.000000
258.143066 212.728012
430.000000 84.000000
320.000000 255.000000
443.000000 330.000000
296.452026 253.377808
550.837219 265.403290
384.030365 109.648216
489.000000 276.000000
201.747177 40.014713
450.000000 301.000000
149.786743 62.346306
447.000000 236.000000
248.825211 149.928650
490.000000 215.000000
544.000000 227.000000
340.369965 112.349068
255.855164 129.473465
429.000000 64.000000
107.000000 36.000000
321.634186 123.626534
314.000000 286.000000
174.867111 397.499237
693.000000 305.000000
449.198578 44.006695
530.369080 267.979218
327.000000 220.000000
715.000000 206.000000
