590.000000 420.000000
600.000000 338.000000
713.000000 333.000000
592.000000 359.000000
715.000000 367.000000
705.000000 427.000000
508.000000 363.000000
720.000000 118.000000
705.000000 211.000000
693.000000 347.000000
509.000000 342.000000
611.000000 145.000000
699.000000 126.000000
513.000000 177.000000
590.000000 155.000000
610.000000 419.000000
725.000000 207.000000
698.000000 158.000000
725.000000 421.000000
592.000000 176.000000
434.000000 317.000000
440.000000 196.000000
685.000000 426.000000
705.000000 274.000000
718.000000 148.000000
695.000000 367.000000
519.000000 68.000000
612.000000 211.000000
511.000000 244.000000
433.000000 357.000000
597.000000 231.000000
612.000000 172.000000
685.000000 212.000000
509.000000 197.000000
63.000000 268.000000
612.000000 360.000000
693.000000 36.000000
262.000000 144.000000
309.000000 140.000000
439.000000 291.000000
577.000000 231.000000
161.000000 243.000000
505.000000 101.000000
679.000000 127.000000
440.000000 216.000000
507.000000 295.000000
503.000000 413.000000
493.000000 177.000000
161.000000 265.000000
90.000000 75.000000
399.000000 207.000000
245.000000 277.000000
50.000000 157.000000
320.000000 287.000000
241.000000 238.000000
113.000000 97.000000
725.000000 272.000000
339.000000 226.000000
703.000000 252.000000
491.000000 247.000000
432.000000 258.000000
678.000000 156.000000
705.000000 312.000000
595.000000 269.000000
402.000000 119.000000
322.000000 84.000000
394.000000 146.000000
528.000000 362.000000
595.000000 289.000000
160.000000 155.000000
93.000000 102.000000
149.000000 223.000000
65.000000 248.000000
252.000000 213.000000
55.000000 122.000000
643.000000 419.000000
580.000000 338.000000
330.000000 248.000000
309.000000 120.000000
525.000000 97.000000
275.000000 123.000000
174.000000 389.000000
533.000000 171.000000
159.000000 101.000000
225.000000 127.000000
509.000000 275.000000
135.000000 260.000000
261.000000 255.000000
728.000000 98.000000
214.000000 46.000000
399.000000 99.000000
320.000000 160.000000
646.000000 354.000000
61.000000 180.000000
685.000000 276.000000
181.000000 275.000000
288.000000 162.000000
483.000000 415.000000
104.965919 139.243286
305.000000 182.000000
285.000000 183.000000
452.000000 260.000000
572.000000 177.000000
333.000000 371.000000
265.000000 277.000000
163.000000 341.000000
61.000000 290.000000
343.000000 296.000000
524.000000 416.000000
330.000000 396.000000
