609.000000 414.000000
615.956116 338.243408
727.000000 420.000000
608.000000 359.000000
515.000000 361.000000
521.966675 248.059158
627.000000 158.000000
518.575745 341.043640
65.000000 122.000000
523.000000 183.000000
719.970642 366.190704
443.000000 317.000000
442.000000 201.000000
50.000000 92.000000
605.000000 167.000000
712.709900 346.147858
442.000000 260.000000
444.000000 293.000000
722.468140 278.781311
707.000000 419.000000
438.000000 354.000000
167.467392 120.887856
704.000000 143.000000
631.995300 409.280121
711.000000 55.000000
517.657898 296.288910
503.000000 186.000000
502.289490 251.724274
728.000000 141.000000
628.933350 359.548798
631.000000 218.000000
514.831055 409.458466
606.000000 187.000000
64.000000 142.000000
713.000000 163.000000
89.000000 273.000000
610.873596 233.990158
629.000000 183.000000
512.349670 112.515732
392.000000 212.000000
181.000000 269.000000
182.000000 247.000000
613.251282 289.407318
591.571899 236.049408
258.073425 162.027557
239.000000 137.000000
535.389587 363.771606
518.000000 206.000000
154.000000 80.000000
85.000000 141.000000
698.151428 220.675034
61.000000 52.000000
731.000000 218.000000
260.000000 286.000000
233.514984 62.929527
208.861801 159.925293
387.951996 151.277786
534.932434 78.640549
541.330139 248.241623
589.000000 413.000000
330.000000 290.000000
452.157959 82.913551
214.133224 133.714355
340.122375 106.638741
344.000000 229.000000
257.000000 244.000000
386.555145 241.013840
102.000000 99.000000
441.000000 221.000000
108.000000 131.000000
70.000000 99.000000
264.000000 121.000000
169.000000 227.000000
543.389465 179.735580
44.000000 72.000000
233.464676 172.068848
235.000000 117.000000
253.000000 182.000000
211.088409 110.171455
320.228210 90.959717
85.353111 294.512756
721.770203 255.427750
494.975098 410.955933
596.178406 338.179260
194.000000 390.000000
160.000000 270.000000
425.528839 66.168709
152.000000 100.000000
619.000000 385.000000
436.487427 103.623756
369.000000 130.000000
276.000000 81.000000
170.707703 140.714203
298.021729 80.703316
665.323181 354.442780
259.008087 141.364227
265.000000 217.000000
422.000000 273.000000
78.000000 183.000000
56.000000 168.000000
614.503662 268.267395
332.061554 128.581192
273.161987 39.927021
91.000000 253.000000
724.000000 314.000000
157.876877 47.000340
585.000000 166.000000
685.348145 172.861526
665.000000 413.000000
350.000000 298.000000
